100100000
100100001
100100003
100100004
100100006
100100009
100100011
100100012
100100013
100100014
100100016
100100017
100100018
100100019
100100021
100100022
100100023
100100024
100100025
100100026
100100027
100100029
100100030
100100032
100100033
100100034
100100035
100100037
100100038
100100039
100100040
100100041
100100042
100100045
100100048
100100052
100100053
100100054
100100057
100100058
100100059
100100060
100100061
100100062
100100063
100100065
100100066
100100067
100100068
100100070
100100071
100100072
100100078
100100079
100100080
100100081
100100082
100100083
100100084
100100086
100100088
100100090
100100092
100100094
100100095
100100096
100100100
100100102
100100103
100100104
100100105
100100106
100100107
100100108
100100109
100100110
100100111
100100112
100100114
100100115
100100116
100100117
100100120
100100121
100100123
100100124
100100125
100100126
100100128
100100129
100100131
100100132
100100133
100100134
100100136
100100137
100100138
