100700000
100700002
100700003
100700005
100700006
100700007
100700008
100700010
100700011
100700013
100700014
100700015
100700016
100700018
100700019
100700021
100700023
100700024
100700026
100700027
100700028
100700029
100700030
100700031
100700032
100700034
100700035
100700036
100700038
100700039
100700040
100700041
100700043
100700044
100700045
100700049
100700051
100700052
100700057
100700059
100700060
100700062
100700063
100700064
100700065
100700067
100700068
100700069
100700070
100700071
100700073
100700075
100700076
100700077
100700078
100700080
100700081
100700083
100700084
100700085
100700088
100700089
100700091
100700092
100700093
100700097
100700098
100700099
100700100
100700101
100700102
100700104
100700105
100700106
100700107
100700109
100700112
100700114
100700117
100700118
100700119
100700120
100700121
100700122
100700123
100700124
100700125
100700126
100700127
100700128
100700131
100700133
100700134
100700135
100700136
100700138
100700139
