100300000
100300001
100300002
100300007
100300009
100300011
100300012
100300013
100300014
100300017
100300018
100300019
100300020
100300021
100300022
100300023
100300024
100300027
100300028
100300030
100300034
100300036
100300038
100300039
100300043
100300044
100300046
100300047
100300048
100300049
100300050
100300051
100300052
100300053
100300054
100300058
100300059
100300062
100300063
100300066
100300067
100300068
100300069
100300070
100300072
100300074
100300075
100300076
100300077
100300079
100300082
100300083
100300084
100300086
100300087
100300088
100300090
100300092
100300093
100300096
100300097
100300100
100300103
100300104
100300108
100300109
100300111
100300112
100300113
100300114
100300116
100300117
100300119
100300120
100300121
100300122
100300124
100300125
