100500000
100500001
100500002
100500004
100500005
100500006
100500007
100500008
100500009
100500010
100500012
100500015
100500016
100500017
100500018
100500019
100500021
100500024
100500025
100500026
100500027
100500028
100500031
100500033
100500034
100500035
100500036
100500038
100500039
100500041
100500042
100500046
100500047
100500049
100500050
100500051
100500056
100500057
100500059
100500060
100500061
100500062
100500063
100500064
100500065
100500068
100500069
100500070
100500071
100500074
100500075
100500076
100500077
100500079
100500080
100500081
100500084
100500085
100500087
100500088
100500090
100500091
100500092
100500093
100500095
100500096
100500098
100500099
100500100
100500101
100500103
100500104
100500106
100500108
100500109
100500112
100500113
100500114
100500116
100500117
100500118
100500119
100500120
100500121
100500124
100500125
100500126
100500129
100500130
100500132
100500133
100500137
100500138
100500139
100500141
100500143
100500145
