100600000
100600002
100600003
100600004
100600005
100600007
100600008
100600009
100600010
100600011
100600012
100600013
100600015
100600017
100600018
100600020
100600021
100600022
100600023
100600024
100600025
100600026
100600028
100600029
100600030
100600031
100600032
100600033
100600034
100600036
100600037
100600038
100600039
100600040
100600041
100600042
100600044
100600045
100600048
100600053
100600054
100600056
100600057
100600059
100600060
100600062
100600064
100600065
100600066
100600069
100600071
100600072
100600073
100600075
100600077
100600078
100600079
100600080
100600081
100600082
100600083
100600085
100600086
100600087
100600088
100600089
100600090
100600091
100600093
100600094
100600095
100600096
100600097
100600101
100600103
100600104
100600105
100600106
100600107
100600108
100600109
100600110
100600111
100600112
100600114
100600116
100600117
100600119
100600120
100600122
100600124
100600125
100600127
100600128
100600129
100600130
100600131
100600132
100600135
100600136
100600137
100600138
100600139
100600141
100600144
100600145
100600146
100600147
100600148
100600149
