100200001
100200003
100200004
100200006
100200008
100200009
100200010
100200011
100200012
100200014
100200015
100200016
100200017
100200019
100200020
100200021
100200022
100200023
100200024
100200025
100200027
100200028
100200029
100200030
100200031
100200032
100200033
100200036
100200037
100200038
100200040
100200041
100200043
100200045
100200046
100200049
100200050
100200051
100200052
100200053
100200055
100200056
100200058
100200060
100200061
100200062
100200063
100200064
100200065
100200066
100200070
100200072
100200073
100200074
100200075
100200076
100200077
100200080
100200082
100200084
100200085
100200086
100200087
100200088
100200089
100200092
100200093
100200094
100200095
100200096
100200097
100200098
100200099
100200101
100200102
100200103
100200104
100200105
100200106
100200107
100200108
100200110
100200111
100200112
100200113
100200114
100200115
100200116
100200118
100200119
100200121
100200122
100200123
100200124
100200126
100200127
100200129
100200130
100200131
100200135
100200136
100200137
100200138
100200139
100200140
100200142
100200143
100200144
100200145
100200147
100200148
100200149
100200150
100200151
100200152
100200153
100200154
100200155
100200156
