100900001
100900002
100900003
100900006
100900007
100900008
100900009
100900010
100900011
100900012
100900014
100900015
100900016
100900017
100900019
100900022
100900023
100900027
100900028
100900029
100900030
100900031
100900032
100900033
100900034
100900035
100900036
100900037
100900038
100900040
100900041
100900043
100900044
100900045
100900046
100900048
100900049
100900050
100900051
100900052
100900055
100900056
100900060
100900063
100900068
100900071
100900072
100900073
100900074
100900075
100900076
100900077
100900078
100900080
100900082
100900084
100900085
100900086
100900089
100900090
100900092
100900093
100900095
100900097
100900098
100900099
100900100
100900101
100900102
100900103
100900106
100900107
100900108
100900110
100900111
100900113
100900114
100900115
100900116
100900118
100900119
100900121
100900122
100900123
100900124
100900126
100900127
100900128
100900129
100900130
100900131
100900132
100900134
100900135
100900137
100900139
100900141
100900142
100900143
100900144
100900145
100900147
100900148
100900149
100900150
100900151
100900152
